"Site No." "Fatal" "Serious" "Slight" "Fatal" "Serious" "Slight" "Sp.Lim"  "Av.Sp" "85%" "%ov.lim" "%15.ov.lim"  "Flow" "Av.Sp" "85%" "%ov.lim" "%15ovlim" "Flow" "Road.type" "Road.Class"
502 1 1 18 0 0 0 60 55 63 20 9 8538 53.8 64.4 25.4 1.4 10912.8 1 3
504 0 0 4 0 0 0 60 51 60 9 1 2614 50 59.3 13 0.5 3117 1 1
505 0 1 8 0 0 5 60 60 67 31 4 2967 44 52.4 2.4 0.2 2785.6 1 1
506 1 0 2 0 0 0 60 38 46 1 0 3631 41.7 49.3 1 0 2452.7 1 1
507 0 1 16 0 0 8 70 57 67 7 1 7619 59.8 71.5 23.8 2.8 7157.75 1 3
508 0 0 1 0 0 1 60 55 63 20 1 5109 53.8 63.5 18.5 2 5199.65 1 1
510 0 1 2 0 0 1 70 65 76 57 8 13236 65.3 76.3 41 6.5 11387.75 1 2
512 0 0 4 0 0 0 30 32 39 63 2 2623 31 36.5 45.7 1.8 2538.75 1 1
513 0 0 7 0 0 6 30 28 33 19 1 12500 26.8 30.8 19.4 0.8 12451.6 1 1
514 0 0 6 0 0 9 30 41 38 45 1 5700 28 33.8 33.8 1 5367.8 3 1
515 0 3 5 0 0 4 30 31 36 44 1 8400 26.7 31.3 18.7 1 8274.2 1 1
517 0 2 3 0 1 1 30 35 41 76 10 6200 33.8 40 72.2 5 6321.8 1 1
518 0 3 9 0 0 2 70 62 72 19 0 16500 63.4 74.6 21 2.2 17327.3 1 2
519 0 1 2 0 0 1 30 38 43 22 1 17200 34.7 40.8 49.3 4.2 18362 1 2
520 0 1 3 0 0 5 60 48 58 8 1 9400 41.4 49 6.6 0.6 8148.6 1 1
521 0 0 8 0 0 3 30 42 50 46 2 20646 30.2 37.5 28.8 1.7 29099 1 2
523 0 1 5 0 0 8 30 30 36 45 2 8377 29.2 33.8 33.3 1 8474 1 1
524 0 1 10 0 1 9 40 39 46 32 1 5695 37.4 42.4 23.6 1 6191.6 3 1
526 1 2 18 0 3 10 30 35 41 84 3 5234 28 33.5 31.7 3.2 5411.75 1 1
529 0 1 0 0 0 2 60 44 53 31 1 3616 43 51.2 4.2 1 2788.6 3 1
530 1 1 1 0 1 5 40 40 47 36 2 4169 37.6 43 27.8 1 4351.7 1 1
531 4 0 0 0 0 2 40 35 41 12 1 3377 32.4 39.6 11 0.6 3740.5 2 1
533 0 2 9 0 0 7 30 32 36 55 3 8357 30.8 36.3 52.5 1.5 6400.9 0 1
534 0 1 4 0 0 2 30 31 38 40 1 5570 29 33.8 41.3 1.2 8467 0 1
536 1 0 7 0 1 5 30 29 35 42 2 15022 29.7 34.3 44.2 1.3 13005.5 2 1
538 0 1 8 0 0 10 30 32 38 71 1 5879 29.6 34.8 43 2 4908.6 1 1
539 0 0 7 0 1 7 30 33 38 71 6 3159 27.8 32.7 30.3 1.2 6061.5 2 1
540 0 0 3 0 0 9 40 42 47 49 2 3357 30.8 36.3 6 0.5 4794.75 2 1
541 0 3 13 1 0 3 30 33 39 66 2 3422 30 34.7 45.3 1.5 3939.5 3 1
543 0 1 7 0 1 3 30 30 36 45 2 6782 29.7 35.7 39.3 1.5 5912.25 1 1
544 0 1 3 0 0 3 30 29 36 40 1 3260 30 35.3 50.3 1.5 2952 2 1
545 0 0 4 0 0 2 30 32 37 56 2 4058 33 38.2 69.2 2.7 4501.25 2 1
546 1 3 24 0 0 16 30 30 36 44 2 8587 27.2 32.7 28 1.7 8218.85 2 1
547 0 2 11 0 0 10 30 28 35 28 2 1809 27.3 32.8 30.7 1.3 13778.8 2 3
548 0 1 1 0 0 7 30 27 33 22 2 4644 28.5 34.2 36.5 1.5 4823.9 2 1
549 0 3 12 0 5 9 30 28 34 26 2 5904 34 38.8 72.7 3.5 4696.35 1 1
550 0 0 1 0 0 3 30 35 40 76 3 2674 33.3 38.8 67.8 6.3 2417.5 2 1
552 0 0 4 0 1 2 30 32 37 50 4 5923 30.2 36.5 52.7 2.7 9318.8 3 1
553 0 3 4 0 0 2 60 56 63 19 1 7088 51.5 61.5 11.3 2.5 5413.9 1 1
554 0 0 8 0 0 4 30 30 36 48 3 8963.5 28.3 34.2 38.7 1.2 7121.7 0 1
557 0 0 7 0 0 5 30 34 39 35 1 4492 26.3 31.8 21.7 1 4883.85 2 1
558 0 1 4 0 0 4 30 29 35 35 1 4492 27 30.8 19.5 1 20730.3 1 2
562 0 1 5 0 0 7 30 23 30 10 1 4364 27.3 31.8 24 0.7 4091.25 3 1
563 0 1 6 0 0 7 40 35 40 12 0 4380 32.5 37.5 15.3 0.5 4284.75 3 1
564 0 0 2 0 0 5 30 31 39 63 8 3645 32.5 39.5 67.2 3 3423.75 3 1
565 0 0 8 0 0 5 30 31 35 45 6 10099 30.6 35 49.6 1.8 13371.6 2 1
566 0 5 11 0 1 4 40 35 40 10 1 11875 35 40.5 12.5 1 12306.5 3 1
567 0 0 7 0 0 4 30 30 37 39 2 7035 31 37.4 56 1.8 5800.2 1 1
569 0 2 9 0 0 3 30 32 38 56 2 8255 31.2 36.5 55.7 1 6408.6 1 2
570 0 3 5 0 1 2 30 38 45 95 11 7465 34.8 41.4 74.4 8.8 6423.8 1 1
571 0 0 11 0 0 16 40 34 41 11 1 8051 33 38.3 8.5 0.5 7841.8 0 1
572 0 0 4 0 0 4 30 30 34 34 1 2876 26.3 32.2 24.5 1 3124 0 1
573 0 0 5 0 0 4 30 29 35 29 1 10220 25.8 32.7 27.5 1.3 9473.25 1 1
574 0 1 11 0 1 13 30 30 36 39 1 7846 31.4 36.8 52.6 3 7922.4 2 2
576 0 1 6 0 0 9 30 29 35 12 1 3614 26 31.2 19.2 0.5 4332.9 3 1
578 0 0 7 0 0 1 30 31 38 53 1 11139 33.3 40 67.3 6.5 11522 1 1
